5.185400000000000009e-01 5.873289999999999900e-01
5.242999999999999883e-01 5.766180000000000749e-01
5.300599999999999756e-01 5.671280000000000765e-01
5.358300000000000285e-01 5.588729999999999531e-01
5.415900000000000158e-01 5.518680000000000252e-01
5.473500000000000032e-01 5.461199999999999388e-01
5.531099999999999905e-01 5.416389999999999816e-01
5.588699999999999779e-01 5.384340000000000792e-01
5.646299999999999653e-01 5.365079999999999849e-01
5.704000000000000181e-01 5.358659999999999535e-01
5.704000000000000181e-01 5.358659999999999535e-01
5.761600000000000055e-01 5.365079999999999849e-01
5.819199999999999928e-01 5.384340000000000792e-01
5.876799999999999802e-01 5.416389999999999816e-01
5.934399999999999675e-01 5.461199999999999388e-01
5.991999999999999549e-01 5.518680000000000252e-01
6.049700000000000077e-01 5.588729999999999531e-01
6.107299999999999951e-01 5.671280000000000765e-01
6.164899999999999824e-01 5.766180000000000749e-01
